4.570807218551635742e-01,5.712784528732299805e-01,1.781323999166488647e-01,-6.066613793373107910e-01,1.526288688182830811e-01,-1.952740699052810669e-01,3.163685202598571777e-01,-2.830266952514648438e-01,-3.449633717536926270e-01,3.486625552177429199e-01,-4.494343698024749756e-01,-6.234534978866577148e-01,-2.331665754318237305e-01,7.669638991355895996e-01,1.940474063158035278e-01,-1.934885829687118530e-01,-2.796344459056854248e-01,3.515196442604064941e-01,-3.213993310928344727e-01,-4.820630848407745361e-01,-4.686267375946044922e-01,4.304133653640747070e-01,6.335683465003967285e-01,-7.545864582061767578e-01,-5.481067299842834473e-01,-2.748610377311706543e-01,1.843805313110351562e-01,-1.502355933189392090e-01,-9.576651453971862793e-02,5.593153834342956543e-01,-5.886126756668090820e-01,-7.280746102333068848e-01,4.485482275485992432e-01,-6.060003861784934998e-02,-8.781344890594482422e-01,2.431948184967041016e-01,-1.451520472764968872e-01,5.261796712875366211e-01,7.254007458686828613e-01,7.606453299522399902e-01,-5.198680162429809570e-01,9.056629240512847900e-02,6.044631600379943848e-01,3.032911121845245361e-01,-3.987486362457275391e-01,3.718074560165405273e-01,1.897627115249633789e-01,2.885385155677795410e-01,-2.872897386550903320e-01,-2.734073065221309662e-02,9.278272092342376709e-02,-1.073899030685424805e+00,-1.294709295034408569e-01,-4.168622493743896484e-01,-1.591470390558242798e-01,-4.933279156684875488e-01,1.079605519771575928e-01,6.427632272243499756e-02,1.672643721103668213e-01,-4.979727268218994141e-01,1.268954157829284668e+00,-2.276799380779266357e-01,-1.641849130392074585e-01,2.001426368951797485e-01,-2.087275534868240356e-01,5.091937780380249023e-01,-1.248120963573455811e-01,-1.898380368947982788e-01,1.146422848105430603e-01,3.916848003864288330e-01,-6.263869404792785645e-01,3.063945472240447998e-01,-2.958332747220993042e-02,-1.778086423873901367e-01,5.040270686149597168e-01,-1.159762293100357056e-01,1.041525825858116150e-01,-2.768119275569915771e-01,-4.644898176193237305e-01,-2.838288247585296631e-01,8.134130239486694336e-01,-5.349797382950782776e-02,1.530654281377792358e-01,4.756883680820465088e-01,9.081250429153442383e-01,-4.146863818168640137e-01,6.645618379116058350e-02,-8.499573916196823120e-02,-5.409403145313262939e-02,2.736753225326538086e-01,1.225893646478652954e-01,-3.226682543754577637e-01,-2.678941786289215088e-01,-2.554538249969482422e-01,6.692690253257751465e-01,9.372868388891220093e-02,-1.170374155044555664e-01,-6.854336708784103394e-02,4.085443317890167236e-01,7.536229491233825684e-01,-1.435489058494567871e-01,-6.973836570978164673e-02,2.879283726215362549e-01,-6.590454373508691788e-03,-1.409134715795516968e-01,-1.522358059883117676e-01,-6.508462876081466675e-02,-1.661914438009262085e-01,2.466058731079101562e-01,-1.756795197725296021e-01,1.148979738354682922e-01,9.100929833948612213e-03,-3.502204641699790955e-02,9.692301601171493530e-02,-1.668723225593566895e-01,2.824068367481231689e-01,9.372326731681823730e-02,-2.375722378492355347e-01,-1.892531067132949829e-01,7.316993083804845810e-03,3.069061972200870514e-02,-2.750912606716156006e-01,1.435370892286300659e-01,-1.142193973064422607e-01,6.176315546035766602e-01,-6.126316785812377930e-01,2.487911097705364227e-02,5.514734387397766113e-01,-3.179827034473419189e-01,-6.902625411748886108e-02,-6.937220096588134766e-01,-3.910806179046630859e-01,-7.172678112983703613e-01,-5.243193730711936951e-02,6.532278656959533691e-01,1.705179363489151001e-02,-3.975678682327270508e-01,1.726588606834411621e-01,4.834549129009246826e-02,-7.996289134025573730e-01,2.243175804615020752e-01,-3.936850726604461670e-01,2.527067363262176514e-01,2.521132826805114746e-01,-1.697836965322494507e-01,1.327449269592761993e-02,-5.875613689422607422e-01,-3.056539297103881836e-01,9.706410169601440430e-01,9.719148278236389160e-03,7.911571860313415527e-01,-1.910102069377899170e-01,-3.156253397464752197e-01,-8.114486932754516602e-01,-8.814362436532974243e-02,-5.192473530769348145e-02,-3.274506926536560059e-01,9.305480867624282837e-02,-1.840418428182601929e-01,4.714364707469940186e-01,-7.665268331766128540e-02,-4.710877239704132080e-01,5.225470662117004395e-01,7.149425894021987915e-02,9.682504087686538696e-02,-6.049937009811401367e-01,-1.986409574747085571e-01,-2.818734049797058105e-01,6.770577430725097656e-01,-2.754841446876525879e-01,2.770268023014068604e-01,2.752301096916198730e-01,-1.653859764337539673e-01,-5.434218645095825195e-01,1.118764802813529968e-01,-2.470020800828933716e-01,3.927415311336517334e-01,1.545266211032867432e-01,1.535101830959320068e-01,-5.672121644020080566e-01,-3.737626969814300537e-01,4.186211228370666504e-01,-2.110053449869155884e-01
5.625867843627929688e-01,-4.882875457406044006e-02,2.062493115663528442e-01,-3.527146875858306885e-01,1.579176187515258789e-01,2.273098379373550415e-01,4.243639707565307617e-01,-4.050663113594055176e-01,-1.008565500378608704e-01,-4.684726148843765259e-02,-1.013360247015953064e-01,-4.320338070392608643e-01,-2.499795854091644287e-01,8.069091290235519409e-02,-9.900421649217605591e-02,-6.002937443554401398e-03,-1.419700030237436295e-02,6.111130714416503906e-01,1.838213801383972168e-01,7.070203125476837158e-02,-1.046291813254356384e-01,-1.090237498283386230e-01,5.724343061447143555e-01,5.449316501617431641e-01,-1.642716675996780396e-01,-1.852295175194740295e-02,5.212278291583061218e-02,-1.370794773101806641e-01,5.263826996088027954e-02,-4.105616509914398193e-01,-1.815424412488937378e-01,-2.393174022436141968e-01,1.624921858310699463e-01,-4.169954955577850342e-01,2.903331816196441650e-01,-3.584737479686737061e-01,1.388658434152603149e-01,-4.170941114425659180e-01,-9.900096803903579712e-02,-1.588719189167022705e-01,-1.567257791757583618e-01,-1.220035254955291748e-01,5.866928696632385254e-01,-1.448532640933990479e-01,-3.892345130443572998e-01,1.737966835498809814e-01,-1.179985553026199341e-01,-4.415266811847686768e-01,2.043152451515197754e-01,6.471359729766845703e-01,-1.637828350067138672e-01,-4.357077777385711670e-01,6.730835437774658203e-01,3.970042616128921509e-02,-1.509684473276138306e-01,6.653765588998794556e-02,-2.914873063564300537e-01,2.179271131753921509e-01,-2.159207165241241455e-01,5.613240599632263184e-01,4.431721270084381104e-01,3.955368697643280029e-01,-4.756357669830322266e-01,-3.697689250111579895e-02,-7.031007409095764160e-01,3.062025904655456543e-01,3.860723972320556641e-01,-5.334560275077819824e-01,4.523801431059837341e-02,-4.514235258102416992e-01,1.624213457107543945e-01,1.021027937531471252e-01,-6.184316277503967285e-01,-1.007647141814231873e-01,-8.347284793853759766e-02,3.618337586522102356e-02,-9.002251923084259033e-02,6.700125336647033691e-01,-5.162433385848999023e-01,-2.390646785497665405e-01,1.024096369743347168e+00,-4.328872263431549072e-01,1.366568058729171753e-01,-3.944450020790100098e-01,1.096682921051979065e-01,-3.032787740230560303e-01,-3.646427392959594727e-01,-2.892442643642425537e-01,3.792084753513336182e-01,3.997112810611724854e-01,1.249184552580118179e-02,-2.277385294437408447e-01,-2.212900966405868530e-01,-3.288835287094116211e-02,-2.361022867262363434e-02,2.178263217210769653e-01,-6.827248930931091309e-01,6.580915451049804688e-01,-3.571074903011322021e-01,4.248728752136230469e-01,2.393986284732818604e-02,-6.050850749015808105e-01,6.066363453865051270e-01,9.966248869895935059e-01,-2.477668076753616333e-01,7.750410437583923340e-01,1.766939759254455566e-01,-7.115409374237060547e-01,7.917394861578941345e-03,-1.386849880218505859e-01,-7.516965270042419434e-02,-1.759677231311798096e-01,9.477754682302474976e-02,2.677005529403686523e-01,5.244917273521423340e-01,2.256487607955932617e-01,-5.634435415267944336e-01,-1.402250528335571289e-01,-3.814619267359375954e-03,-4.095862805843353271e-02,3.191863596439361572e-01,2.477017045021057129e-01,3.763397932052612305e-01,-5.353564023971557617e-01,-6.375548839569091797e-01,6.862164288759231567e-02,8.218787908554077148e-01,-1.818881630897521973e-01,5.904182195663452148e-01,-3.644673526287078857e-01,-3.164298832416534424e-01,1.105855181813240051e-01,8.218245953321456909e-02,-3.841420114040374756e-01,-4.054831340909004211e-02,-3.406307101249694824e-01,-2.569109797477722168e-01,1.077150925993919373e-01,-4.772420525550842285e-01,2.384176552295684814e-01,-2.462927997112274170e-01,4.243624210357666016e-01,2.219493836164474487e-01,-5.010182857513427734e-01,1.016400977969169617e-01,1.909144073724746704e-01,1.735329627990722656e-01,1.991236209869384766e-02,4.456368386745452881e-01,1.498846411705017090e-01,-2.434303164482116699e-01,4.919117987155914307e-01,6.000629067420959473e-01,3.516831398010253906e-01,4.017102718353271484e-01,-3.526162505149841309e-01,4.861491620540618896e-01,9.967958182096481323e-02,-6.896722316741943359e-01,2.750422656536102295e-01,-9.166169762611389160e-01,-4.773929715156555176e-01,-6.209246069192886353e-02,6.935338377952575684e-01,-5.445922017097473145e-01,8.560885190963745117e-01,-2.614246308803558350e-01,3.315537273883819580e-01,-3.904589712619781494e-01,2.990100979804992676e-01,3.811294138431549072e-01,6.608587503433227539e-01,-7.903683185577392578e-02,-1.898969560861587524e-01,1.591369807720184326e-01,2.134208679199218750e-01,3.302895128726959229e-01,1.702491641044616699e-01,4.011820256710052490e-01,2.486242949962615967e-01,7.731168270111083984e-01,-2.434277534484863281e-01,-6.890653967857360840e-01
-1.084020361304283142e-01,-9.791551530361175537e-02,-3.774814307689666748e-01,-2.360513955354690552e-01,-2.357287704944610596e-01,-3.994873762130737305e-01,-3.324620723724365234e-01,5.315657854080200195e-01,8.212778717279434204e-02,-3.783054053783416748e-01,4.674412310123443604e-01,7.585588842630386353e-02,-4.021191895008087158e-01,-1.990786045789718628e-01,3.862487971782684326e-01,1.330782175064086914e-01,-5.811886787414550781e-01,-3.550620973110198975e-01,-2.667217887938022614e-02,-4.943639785051345825e-02,-3.196988701820373535e-01,-1.363143324851989746e-01,5.610403418540954590e-02,-1.018299818038940430e+00,-7.039111573249101639e-03,-3.976725935935974121e-01,1.317167878150939941e-01,2.361121326684951782e-01,6.736850142478942871e-01,-4.259523749351501465e-01,-3.178441226482391357e-01,-9.386485219001770020e-01,-3.131674528121948242e-01,2.770615927875041962e-02,-3.100372552871704102e-01,2.976022660732269287e-01,6.404251605272293091e-02,-3.472953736782073975e-01,2.789388298988342285e-01,5.227582454681396484e-01,9.971748292446136475e-02,2.855587005615234375e-01,2.426994591951370239e-01,-5.806865692138671875e-01,1.111267134547233582e-01,6.805049777030944824e-01,6.977984309196472168e-02,3.185537457466125488e-01,4.852043092250823975e-01,7.574719190597534180e-01,7.433962821960449219e-01,1.022095605731010437e-01,-6.700903922319412231e-02,-6.811904907226562500e-01,1.606240272521972656e-01,5.648193359375000000e-01,-1.797932833433151245e-01,-3.359137177467346191e-01,1.636823564767837524e-01,-2.634272277355194092e-01,-5.055490732192993164e-01,6.356148719787597656e-01,1.697775274515151978e-01,-1.964856982231140137e-01,-6.084643602371215820e-01,-8.756324052810668945e-01,7.662685588002204895e-03,-9.207560122013092041e-02,-2.764396183192729950e-02,-5.346550345420837402e-01,-1.352683156728744507e-01,5.394455194473266602e-01,2.322692424058914185e-01,8.946025371551513672e-02,-7.715961337089538574e-02,2.207331061363220215e-01,1.175746470689773560e-01,1.593515276908874512e-01,4.115618392825126648e-02,2.380289733409881592e-01,-1.914200037717819214e-01,3.218020200729370117e-01,1.869916915893554688e-01,-1.833423972129821777e-01,-4.885669797658920288e-02,4.778813570737838745e-02,-4.453850910067558289e-03,2.394181638956069946e-01,3.936777710914611816e-01,3.039957582950592041e-01,2.258597910404205322e-01,4.209304451942443848e-01,2.930302917957305908e-01,-7.783257365226745605e-01,2.552986145019531250e-01,4.672160446643829346e-01,3.575425148010253906e-01,6.519013643264770508e-02,-4.261010885238647461e-01,-5.018399953842163086e-01,-3.071979060769081116e-02,-7.420261502265930176e-01,6.695368885993957520e-01,6.810670495033264160e-01,7.651057839393615723e-01,3.191965222358703613e-01,2.355161458253860474e-01,-4.877398610115051270e-01,1.573466807603836060e-01,9.918659329414367676e-01,3.882897198200225830e-01,-3.997053205966949463e-01,4.754379987716674805e-01,3.160860538482666016e-01,-1.423129737377166748e-01,9.216098189353942871e-01,6.400123238563537598e-01,6.511967182159423828e-01,-5.363377332687377930e-01,2.420052140951156616e-01,-5.143680572509765625e-01,3.743979036808013916e-01,-4.810752272605895996e-01,5.958735346794128418e-01,1.030561104416847229e-01,2.270615994930267334e-01,1.669296175241470337e-01,3.886711969971656799e-02,1.200173422694206238e-01,-5.548141151666641235e-02,4.164647758007049561e-01,3.876824378967285156e-01,-5.264760255813598633e-01,3.108663856983184814e-01,1.703426986932754517e-01,9.669120609760284424e-02,-9.795305319130420685e-03,7.464156299829483032e-02,-4.275904893875122070e-01,-4.249488115310668945e-01,-3.338938653469085693e-01,-1.022790595889091492e-01,6.957846879959106445e-02,8.461862802505493164e-01,9.114817380905151367e-01,2.196617424488067627e-01,6.739021837711334229e-02,7.266300916671752930e-02,-1.785188168287277222e-01,-3.176221847534179688e-01,-6.120533347129821777e-01,6.371697038412094116e-02,4.613060355186462402e-01,6.602786779403686523e-01,-5.719430372118949890e-02,-5.823788046836853027e-02,5.970804691314697266e-01,-3.282127901911735535e-02,-2.913872301578521729e-01,-7.395549416542053223e-01,1.018042087554931641e+00,-4.361087083816528320e-01,-1.032437086105346680e-01,2.183579504489898682e-01,2.250804305076599121e-01,3.117375075817108154e-01,-2.922464907169342041e-01,9.770830869674682617e-01,5.641645193099975586e-01,6.069802641868591309e-01,-2.989844977855682373e-01,3.470863103866577148e-01,-4.772504866123199463e-01,-5.377316474914550781e-01,2.715903222560882568e-01,1.299292147159576416e-01,1.496791839599609375e-01,-5.252414382994174957e-03,4.812179207801818848e-01,4.862656444311141968e-02,8.053751587867736816e-01,1.407677650451660156e+00,2.171886712312698364e-01
-1.488315910100936890e-01,-2.091277241706848145e-01,1.116349220275878906e+00,2.623907290399074554e-02,-2.006843686103820801e-01,9.588608145713806152e-01,-5.935401469469070435e-02,-4.182891547679901123e-01,-4.560216888785362244e-02,1.190054491162300110e-01,-7.237165570259094238e-01,1.767834424972534180e-01,-2.201263159513473511e-01,-6.431388854980468750e-01,8.604880571365356445e-01,-2.193642407655715942e-01,3.112097978591918945e-01,-4.557742178440093994e-01,2.176214605569839478e-01,-2.807415127754211426e-01,-5.370187163352966309e-01,5.008614659309387207e-01,-1.584879457950592041e-01,1.656582653522491455e-01,-4.815082624554634094e-02,2.505574822425842285e-01,6.744395494461059570e-01,-5.490632057189941406e-01,4.754494428634643555e-01,-3.162799775600433350e-01,-6.746181845664978027e-02,-3.645593523979187012e-01,-2.884122729301452637e-01,4.916980564594268799e-01,1.412147134542465210e-01,-1.543946862220764160e-01,-4.618944227695465088e-01,1.983701623976230621e-02,6.230429410934448242e-01,-9.529113769531250000e-01,4.341370463371276855e-01,-3.887036144733428955e-01,2.031136155128479004e-01,-6.370196342468261719e-01,-6.599042415618896484e-01,8.236792683601379395e-01,2.299780100584030151e-01,4.495261609554290771e-01,-3.354300931096076965e-02,6.621245145797729492e-01,-2.960687875747680664e-01,-2.292966544628143311e-01,5.024404451251029968e-02,-3.146670162677764893e-01,-7.636224627494812012e-01,-2.693217396736145020e-01,-2.531059384346008301e-01,5.375348329544067383e-01,3.915917575359344482e-01,2.364707738161087036e-01,-1.524504065513610840e+00,4.577044770121574402e-02,3.979055285453796387e-01,3.575612604618072510e-01,4.121657013893127441e-01,2.533767558634281158e-02,1.862062960863113403e-01,-2.919301688671112061e-01,6.427283883094787598e-01,-3.749078512191772461e-01,-3.487547039985656738e-01,-1.420781165361404419e-01,-7.107604742050170898e-01,-2.866709530353546143e-01,3.611893355846405029e-01,-4.316576123237609863e-01,1.711212545633316040e-01,-3.151455819606781006e-01,7.249513268470764160e-01,5.747361108660697937e-02,-3.600818216800689697e-01,-2.180926054716110229e-01,-2.187533080577850342e-01,-8.497633934020996094e-01,-3.615296483039855957e-01,1.008658766746520996e+00,-3.167093694210052490e-01,4.717071652412414551e-01,-1.999010890722274780e-01,3.414462208747863770e-01,-3.600026369094848633e-01,3.754972517490386963e-01,-2.010117769241333008e-01,-3.199089467525482178e-01,-8.841617703437805176e-01,-1.115333661437034607e-01,6.247931718826293945e-01,-9.254642724990844727e-01,-1.252306550741195679e-01,-3.226440772414207458e-02,1.191975250840187073e-01,-4.259314537048339844e-01,2.884961962699890137e-01,1.119680404663085938e+00,3.986738622188568115e-01,1.617289930582046509e-01,4.864545166492462158e-01,-2.698615789413452148e-01,3.678367137908935547e-01,-7.001799941062927246e-01,1.898567676544189453e-01,6.771519035100936890e-02,-8.937474489212036133e-01,4.607145488262176514e-02,1.124825701117515564e-01,-8.877506256103515625e-01,-1.423702836036682129e-01,-1.394602954387664795e-01,-4.251426458358764648e-01,-8.091728389263153076e-02,-3.151049613952636719e-01,-3.786663115024566650e-01,-2.184333950281143188e-01,4.974951446056365967e-01,-4.519737660884857178e-01,-3.969238996505737305e-01,-5.321847796440124512e-01,2.220049202442169189e-01,4.512873888015747070e-01,3.895021975040435791e-01,-3.242251649498939514e-02,-4.971222281455993652e-01,-1.112918108701705933e-01,-1.515504997223615646e-02,2.190696150064468384e-01,4.233360588550567627e-01,-4.192407242953777313e-03,-1.095661148428916931e-01,6.840057969093322754e-01,3.325634598731994629e-01,5.125430226325988770e-01,-2.012805640697479248e-01,3.350238204002380371e-01,7.042546570301055908e-02,2.044083923101425171e-01,4.609679803252220154e-02,-3.027186691761016846e-01,2.789281606674194336e-01,3.467839360237121582e-01,4.975586831569671631e-01,6.668717265129089355e-01,1.195510327816009521e-01,3.253190815448760986e-01,-9.525172412395477295e-03,-3.440880179405212402e-01,-8.018692135810852051e-01,-5.718894004821777344e-01,-6.206561923027038574e-01,7.556262612342834473e-02,-6.215969920158386230e-01,2.257789075374603271e-01,2.117439508438110352e-01,-1.732008904218673706e-01,2.626207768917083740e-01,-3.546351492404937744e-01,5.901451036334037781e-02,-8.120011687278747559e-01,-5.866164565086364746e-01,-1.870435178279876709e-01,3.045127391815185547e-01,-2.040264904499053955e-01,-9.631406664848327637e-01,-2.983160316944122314e-02,-1.813154071569442749e-01,-6.499138474464416504e-02,5.053735971450805664e-01,1.602076292037963867e-01,4.314840957522392273e-02,-3.220164179801940918e-01,-4.820058345794677734e-01,-5.333852171897888184e-01,5.560772418975830078e-01,2.452325224876403809e-01
1.052621245384216309e+00,-1.381623186171054840e-02,-7.478766888380050659e-02,-2.591936290264129639e-01,1.011593714356422424e-01,-2.093653976917266846e-01,2.799248993396759033e-01,3.750637546181678772e-02,8.900638669729232788e-02,-3.658212125301361084e-01,3.435201644897460938e-01,4.744267836213111877e-02,-3.167132735252380371e-01,6.331155896186828613e-01,-3.477526083588600159e-02,-2.656672000885009766e-01,-2.519984245300292969e-01,1.250626146793365479e-01,1.901812106370925903e-01,-1.320053040981292725e-01,-2.420174032449722290e-01,4.611234664916992188e-01,-3.051788508892059326e-01,3.438442945480346680e-01,7.406614422798156738e-01,1.733676791191101074e-01,2.435975372791290283e-01,-5.350754782557487488e-02,2.012848295271396637e-02,-3.800579905509948730e-02,2.528447806835174561e-01,1.978414356708526611e-01,-1.071759238839149475e-01,-4.751393496990203857e-01,1.587722003459930420e-01,6.684182584285736084e-02,8.968046307563781738e-02,-3.289161622524261475e-02,3.620870411396026611e-01,8.392785787582397461e-01,4.673439264297485352e-02,-8.318946361541748047e-01,-5.876201987266540527e-01,1.871158629655838013e-01,-2.129949033260345459e-01,1.191543713212013245e-01,-4.845406711101531982e-01,1.913774609565734863e-01,2.821660041809082031e-01,9.058658778667449951e-02,-7.331081200391054153e-03,-1.791946440935134888e-01,5.682280659675598145e-01,-2.726784646511077881e-01,-2.442506998777389526e-01,4.182105362415313721e-01,-4.346277937293052673e-02,-7.675186544656753540e-02,-4.289221763610839844e-01,3.889654576778411865e-01,-7.046193480491638184e-01,-3.313419222831726074e-02,-1.769978404045104980e-01,-2.298738062381744385e-02,-2.043078988790512085e-01,-1.970366388559341431e-01,2.439186424016952515e-01,5.023385286331176758e-01,-2.468267828226089478e-01,-7.836742997169494629e-01,-1.118911132216453552e-01,-4.026436507701873779e-01,4.048973917961120605e-01,-4.667622968554496765e-02,-5.556111037731170654e-02,4.151990711688995361e-01,3.931120932102203369e-01,-1.848999857902526855e-01,-9.302900731563568115e-02,3.489497005939483643e-01,-6.497548520565032959e-02,2.175538688898086548e-01,-4.704820215702056885e-01,7.761415243148803711e-01,8.674101531505584717e-02,6.975070834159851074e-01,-2.298621684312820435e-01,2.913125753402709961e-01,-7.104325890541076660e-01,-1.076153367757797241e-01,4.520474076271057129e-01,3.967602849006652832e-01,-2.676542103290557861e-02,2.585362195968627930e-01,-1.604697108268737793e-01,5.404236912727355957e-01,1.294223964214324951e-01,-2.591413259506225586e-01,6.091022491455078125e-01,-3.044950067996978760e-01,-5.623758304864168167e-03,-1.430398672819137573e-01,4.801289141178131104e-01,3.224571943283081055e-01,9.752601981163024902e-01,8.213043212890625000e-01,7.453779131174087524e-02,-5.943083763122558594e-01,2.058567553758621216e-01,8.176221847534179688e-01,-1.409156173467636108e-01,2.085023075342178345e-01,1.914609521627426147e-01,-7.466972470283508301e-01,4.520406424999237061e-01,-1.706234365701675415e-01,-6.432218551635742188e-01,3.440262973308563232e-01,-8.899081945419311523e-01,-1.905566006898880005e-01,-3.487454354763031006e-01,3.191654682159423828e-01,3.209563437849283218e-04,1.880972981452941895e-01,-1.322693973779678345e-01,6.850277185440063477e-01,4.598041996359825134e-02,-1.982376575469970703e-01,1.462108343839645386e-01,3.491255640983581543e-01,-1.602549999952316284e-01,-2.853629887104034424e-01,4.172173514962196350e-02,-4.233193695545196533e-01,-6.426364779472351074e-01,-1.108660176396369934e-01,-4.149425923824310303e-01,1.061597228050231934e+00,1.191289946436882019e-01,8.923587799072265625e-01,-7.662547379732131958e-02,-1.846294999122619629e-01,-3.993189428001642227e-03,-2.691643536090850830e-01,-3.727889657020568848e-01,-5.469824671745300293e-01,-3.706146776676177979e-01,-3.780465722084045410e-01,-2.645617425441741943e-01,-3.796811401844024658e-02,2.400530576705932617e-01,1.600556820631027222e-02,-4.901865124702453613e-01,-2.320153117179870605e-01,-9.857461787760257721e-03,2.268825471401214600e-01,-1.813383847475051880e-01,-3.911905884742736816e-01,-7.465805392712354660e-03,3.838550150394439697e-01,7.349882740527391434e-03,2.331748157739639282e-01,4.918187260627746582e-01,-1.643507182598114014e-01,-1.445149332284927368e-01,-5.793653726577758789e-01,2.951232790946960449e-01,-2.301148176193237305e-01,-2.161279022693634033e-01,-5.173832178115844727e-01,-5.744700431823730469e-01,1.408549547195434570e-01,-4.409099221229553223e-01,4.018658697605133057e-01,4.459517300128936768e-01,1.713790744543075562e-01,-2.434681951999664307e-01,1.693072319030761719e-01,2.697087824344635010e-01,5.411440730094909668e-01,-2.901997864246368408e-01,-4.017907977104187012e-01,-3.438369035720825195e-01
-2.457600831985473633e-01,2.808511257171630859e-02,2.501268684864044189e-01,-1.122427955269813538e-01,1.107534915208816528e-01,3.903949856758117676e-01,-6.273951148614287376e-04,1.527837365865707397e-01,-2.733022272586822510e-01,-1.569868773221969604e-01,7.174116373062133789e-01,2.160902023315429688e-01,-6.327909231185913086e-01,-3.424248397350311279e-01,3.514637053012847900e-02,-8.027125000953674316e-01,1.578390300273895264e-01,-1.831442564725875854e-01,3.831723630428314209e-01,6.110209226608276367e-02,-4.191180318593978882e-02,1.190665587782859802e-01,1.322399228811264038e-01,5.704190582036972046e-03,1.889361739158630371e-01,-3.401069343090057373e-01,-1.589737981557846069e-01,-7.207678556442260742e-01,5.650140643119812012e-01,-1.422113627195358276e-01,-5.281223058700561523e-01,-2.646187245845794678e-01,5.275202393531799316e-01,1.709353737533092499e-02,2.440263330936431885e-01,-9.390079230070114136e-02,-6.027012690901756287e-02,1.700545698404312134e-01,1.174121052026748657e-01,4.420154690742492676e-01,1.858796179294586182e-01,-2.718935608863830566e-01,1.469942629337310791e-01,-3.617400769144296646e-03,-2.213797271251678467e-01,-5.523568987846374512e-01,-1.951011866331100464e-01,-1.419895607978105545e-02,-4.827531874179840088e-01,1.394640356302261353e-01,-1.020810287445783615e-02,6.504119634628295898e-01,7.072836160659790039e-01,4.976801574230194092e-01,-1.084390655159950256e-01,-2.566358447074890137e-02,8.538252711296081543e-01,1.398413181304931641e-01,3.681436777114868164e-01,-1.247736215591430664e-01,3.834551274776458740e-01,-1.948417909443378448e-02,-1.609073579311370850e-01,1.528712362051010132e-01,-1.148403808474540710e-01,-8.176048099994659424e-02,-6.580391526222229004e-01,4.063322395086288452e-02,-2.346135079860687256e-01,1.193388178944587708e-01,1.161343455314636230e-01,3.665713667869567871e-01,3.039605617523193359e-01,3.954809010028839111e-01,7.165853381156921387e-01,3.222568035125732422e-01,2.937366813421249390e-02,-4.954445064067840576e-01,-1.026037931442260742e+00,-2.492087781429290771e-01,1.375519335269927979e-01,1.635120511054992676e-01,-1.350874304771423340e-01,-5.360867828130722046e-02,-9.367586374282836914e-01,2.792735397815704346e-01,1.802154481410980225e-01,-7.400146126747131348e-02,-5.195259451866149902e-01,-3.833546936511993408e-01,1.376121044158935547e-01,-5.943914651870727539e-01,-2.475038170814514160e-02,-4.263784289360046387e-01,5.065807104110717773e-01,6.474024653434753418e-01,-3.367420136928558350e-01,-5.937678813934326172e-01,-1.158817857503890991e-01,-4.532240629196166992e-01,-3.573522269725799561e-01,5.540581047534942627e-02,-5.646238327026367188e-01,-2.616265416145324707e-01,-4.573910832405090332e-01,-2.092216312885284424e-01,2.687229774892330170e-02,-1.617770195007324219e+00,-8.701822161674499512e-01,-2.568994462490081787e-01,6.263462305068969727e-01,-4.313140511512756348e-01,2.356738597154617310e-01,5.797872543334960938e-01,-8.495648950338363647e-02,-2.246147692203521729e-01,2.112414389848709106e-01,3.686080873012542725e-01,5.991906523704528809e-01,-2.087884396314620972e-01,6.249895095825195312e-01,-3.510441780090332031e-01,1.050831824541091919e-01,2.463686317205429077e-01,-4.944752156734466553e-01,2.788051068782806396e-01,5.605036020278930664e-02,-5.578283071517944336e-01,-3.085949718952178955e-01,3.336295485496520996e-01,-7.980839014053344727e-01,-9.094884246587753296e-02,-1.655418574810028076e-01,7.961572147905826569e-03,-1.795368045568466187e-01,8.725784718990325928e-02,3.802616894245147705e-01,2.155054360628128052e-01,6.082911044359207153e-03,6.444271802902221680e-01,2.264675647020339966e-01,-1.154524207115173340e+00,-3.204530477523803711e-01,7.837345004081726074e-01,-2.773315608501434326e-01,5.039212107658386230e-01,7.260362505912780762e-01,-1.875879168510437012e-01,-1.580846160650253296e-01,1.241620332002639771e-01,2.583563625812530518e-01,1.098078712821006775e-01,-2.143646180629730225e-01,6.379481554031372070e-01,-3.335677683353424072e-01,4.336434602737426758e-02,2.729385197162628174e-01,3.121816366910934448e-02,7.950455695390701294e-02,-2.463161051273345947e-01,-4.962266385555267334e-01,-7.439757883548736572e-02,1.565801948308944702e-01,-6.425142884254455566e-01,2.794296145439147949e-01,3.718648552894592285e-01,8.199946284294128418e-01,-3.398803770542144775e-01,-2.244612872600555420e-01,-7.978908419609069824e-01,4.545806348323822021e-01,-1.586718559265136719e-01,4.484997987747192383e-01,-2.553707361221313477e-01,-5.200440883636474609e-01,2.439868636429309845e-02,2.112957835197448730e-01,-4.580441862344741821e-02,-3.518608510494232178e-01,3.436129689216613770e-01,-6.792776584625244141e-01,-6.537377238273620605e-01,4.579531252384185791e-01
-8.138254284858703613e-02,3.925457894802093506e-01,-8.581674844026565552e-02,-9.490457177162170410e-01,-5.222818851470947266e-01,7.907533645629882812e-01,3.098617494106292725e-01,1.404376029968261719e-01,-7.568084597587585449e-01,-6.935056447982788086e-01,3.097345530986785889e-01,-4.309332966804504395e-01,2.787823975086212158e-01,3.839493095874786377e-01,-1.338664591312408447e-01,-1.503448337316513062e-01,-2.815688848495483398e-01,-3.069221675395965576e-01,4.719731509685516357e-01,-3.397665321826934814e-01,-5.413784384727478027e-01,-3.164822161197662354e-01,5.634350180625915527e-01,4.145036637783050537e-01,-2.022950947284698486e-01,-7.209369540214538574e-01,5.905335396528244019e-02,2.729476802051067352e-02,1.488319188356399536e-01,-1.060435533523559570e+00,1.152371406555175781e+00,3.286322951316833496e-01,-1.491737216711044312e-01,-1.147169247269630432e-01,-1.579353511333465576e-01,-4.323566555976867676e-01,-3.621575236320495605e-01,5.526387691497802734e-02,4.124278128147125244e-01,-3.611048683524131775e-02,-1.599903590977191925e-02,-2.910120412707328796e-02,2.394084185361862183e-01,-4.766733571887016296e-02,-3.213520348072052002e-01,1.136315017938613892e-01,-5.511919856071472168e-01,3.233796656131744385e-01,-5.500859618186950684e-01,2.107131630182266235e-01,-8.894807100296020508e-02,5.806626379489898682e-02,-7.491089105606079102e-01,-8.387121558189392090e-02,-5.123396515846252441e-01,2.968466281890869141e-01,-4.213119745254516602e-01,-6.569892764091491699e-01,-1.309106051921844482e-01,-9.498730301856994629e-02,7.793337702751159668e-01,2.074922025203704834e-01,-5.060384869575500488e-01,-2.463289797306060791e-01,-6.087428331375122070e-02,1.773727834224700928e-01,-1.888451576232910156e-01,-6.048784032464027405e-02,6.354814022779464722e-02,-2.955818772315979004e-01,-3.647696971893310547e-01,-5.799087285995483398e-01,8.936884999275207520e-01,-5.198028683662414551e-01,-2.557481527328491211e-01,-1.370865106582641602e-01,1.504818052053451538e-01,-7.902708053588867188e-01,3.065839223563671112e-02,9.086028933525085449e-01,-3.603129088878631592e-01,-5.243168473243713379e-01,4.093567728996276855e-01,6.023155152797698975e-02,5.391820669174194336e-01,4.030216932296752930e-01,-4.065105915069580078e-01,4.431989490985870361e-01,2.189218550920486450e-01,3.218262195587158203e-01,6.050486564636230469e-01,-7.191166877746582031e-01,3.945631161332130432e-02,-1.188505887985229492e-01,-4.630650877952575684e-01,-6.013849377632141113e-02,2.294838279485702515e-01,2.257187217473983765e-01,5.967237353324890137e-01,-8.350296616554260254e-01,-6.776844263076782227e-01,-6.268334984779357910e-01,4.625794291496276855e-01,-1.472409218549728394e-01,1.283941417932510376e-01,-2.009755522012710571e-01,4.582524597644805908e-01,8.907306194305419922e-01,2.181628048419952393e-01,2.294179499149322510e-01,-7.362353801727294922e-01,6.868063807487487793e-01,2.652623057365417480e-01,1.457477957010269165e-01,1.967376563698053360e-03,-2.479100227355957031e-01,-5.048725008964538574e-01,-9.539593011140823364e-02,-2.979998476803302765e-02,2.343361973762512207e-01,2.852578088641166687e-02,-2.302405685186386108e-01,5.859776139259338379e-01,4.137409329414367676e-01,3.431911468505859375e-01,5.207453370094299316e-01,-9.305931329727172852e-01,-4.946195706725120544e-02,1.631869822740554810e-01,-5.696493983268737793e-01,-1.145559549331665039e+00,-5.105410814285278320e-01,-8.252017498016357422e-01,-1.290942430496215820e-01,-2.175065428018569946e-01,7.399172335863113403e-02,-3.379667997360229492e-01,4.489900171756744385e-02,-1.479318886995315552e-01,4.662016034126281738e-01,1.499030888080596924e-01,-1.394619643688201904e-01,-7.162281870841979980e-02,-6.018836498260498047e-01,2.025848031044006348e-01,5.856701731681823730e-01,4.354687780141830444e-02,-1.780455410480499268e-01,-4.443697333335876465e-01,-1.805220246315002441e-01,-6.367332339286804199e-01,-2.291703522205352783e-01,-1.124636456370353699e-01,1.220592483878135681e-01,-1.866113208234310150e-02,-8.199050426483154297e-01,-1.958141475915908813e-01,-3.209539055824279785e-01,-3.458874821662902832e-01,-1.892034150660037994e-02,3.906715512275695801e-01,5.189806222915649414e-01,9.467250853776931763e-02,-3.457966148853302002e-01,-4.545463919639587402e-01,-3.545464575290679932e-02,-3.923837244510650635e-01,-5.068102851510047913e-02,-7.176350355148315430e-01,-1.122360348701477051e+00,-4.427935481071472168e-01,1.266249567270278931e-01,-1.233234535902738571e-02,-2.694408893585205078e-01,6.155459210276603699e-02,-2.730368673801422119e-01,-4.936910569667816162e-01,2.201036661863327026e-01,-4.604943990707397461e-01,5.473819747567176819e-02,-1.661992818117141724e-01,-9.562309384346008301e-01,-2.391614466905593872e-01
-1.951156258583068848e-01,-5.287547111511230469e-01,-1.378540764562785625e-03,6.803891062736511230e-02,7.636928558349609375e-02,1.139425560832023621e-01,-6.066507697105407715e-01,1.414548605680465698e-01,-4.658118486404418945e-01,-2.451165914535522461e-01,-5.972253680229187012e-01,1.695715785026550293e-01,-2.218345105648040771e-01,3.011744618415832520e-01,-5.994198918342590332e-01,-1.136561185121536255e-01,9.396836161613464355e-02,-1.234056875109672546e-01,9.414673447608947754e-01,-3.993942439556121826e-01,4.040617346763610840e-01,3.802618682384490967e-01,7.397832274436950684e-01,9.619738459587097168e-01,1.295577455312013626e-02,1.219110846519470215e+00,-5.412501692771911621e-01,9.811760187149047852e-01,2.424943894147872925e-01,-5.210158228874206543e-01,-2.257789224386215210e-01,-1.328624784946441650e-01,-2.990673780441284180e-01,-9.159136563539505005e-03,-9.219635725021362305e-01,-4.754880070686340332e-01,-4.773501679301261902e-02,-5.732259526848793030e-02,4.101517200469970703e-01,-1.073389768600463867e+00,-6.385317444801330566e-01,5.428353548049926758e-01,4.007574617862701416e-01,3.806780278682708740e-01,-2.580116391181945801e-01,2.637683451175689697e-01,6.998942494392395020e-01,-4.268862307071685791e-01,3.522878587245941162e-01,1.797088086605072021e-01,2.509333789348602295e-01,6.437585353851318359e-01,-9.022557735443115234e-01,-9.084821492433547974e-02,9.285366535186767578e-01,-3.786185085773468018e-01,-1.794274747371673584e-01,-7.372555732727050781e-01,5.116493254899978638e-02,9.768039733171463013e-02,-1.085686802864074707e+00,1.489128358662128448e-02,3.865529894828796387e-01,7.759702205657958984e-01,-2.873315215110778809e-01,1.554795056581497192e-01,2.024071067571640015e-01,-3.952083885669708252e-01,-1.586657166481018066e-01,5.978311970829963684e-02,-5.167255997657775879e-01,3.926486074924468994e-01,-5.407432839274406433e-02,-1.901121288537979126e-01,-1.203688904643058777e-01,-3.081073984503746033e-02,-1.204089522361755371e-01,-4.826944470405578613e-01,-1.025109961628913879e-01,1.163243129849433899e-01,-3.503191173076629639e-01,-2.143266648054122925e-01,-4.814642667770385742e-01,3.858077824115753174e-01,3.436875939369201660e-01,-2.192784249782562256e-01,2.490217387676239014e-01,5.164706707000732422e-01,3.927235603332519531e-01,-3.299713432788848877e-01,1.318005472421646118e-01,-7.898343205451965332e-01,4.067304432392120361e-01,2.802690863609313965e-01,4.554774761199951172e-01,1.006628498435020447e-01,4.099239408969879150e-01,-3.643166422843933105e-01,-2.878927290439605713e-01,2.407727241516113281e-01,3.241892457008361816e-01,1.018139943480491638e-01,6.374241709709167480e-01,-3.479334115982055664e-01,4.034361541271209717e-01,-3.751704394817352295e-01,-4.191943407058715820e-01,3.172463178634643555e-01,1.012173146009445190e-01,1.561256032437086105e-02,1.001270785927772522e-01,-8.703226596117019653e-02,5.052479682490229607e-04,7.462791204452514648e-01,8.862835168838500977e-02,-4.261443763971328735e-02,2.303957045078277588e-01,-8.880720138549804688e-01,-3.916265666484832764e-01,-1.109353184700012207e+00,-5.292118191719055176e-01,2.076639682054519653e-01,1.457378268241882324e-01,-5.960404872894287109e-02,-3.704002797603607178e-01,6.292051672935485840e-01,3.675540387630462646e-01,-4.285427927970886230e-02,-1.241441518068313599e-01,7.516845315694808960e-02,2.697969377040863037e-01,1.880754828453063965e-01,-3.328021168708801270e-01,3.436847031116485596e-02,4.366407394409179688e-01,-3.125816285610198975e-01,-1.157327219843864441e-01,-6.351762413978576660e-01,4.726575613021850586e-01,3.114622533321380615e-01,-1.046746447682380676e-01,-4.045594111084938049e-02,-7.767361402511596680e-02,-6.862701475620269775e-02,5.383276194334030151e-02,-3.446903526782989502e-01,2.147653549909591675e-01,2.939843200147151947e-02,1.659037731587886810e-02,-3.904775083065032959e-01,5.321820378303527832e-01,3.741161525249481201e-01,2.592531442642211914e-01,-4.894059896469116211e-02,1.231281831860542297e-01,4.353820085525512695e-01,6.937165856361389160e-01,7.220352888107299805e-01,2.102563530206680298e-01,1.213499531149864197e-01,-3.296208977699279785e-01,3.832237422466278076e-01,-2.971275746822357178e-01,3.086674809455871582e-01,-6.752176880836486816e-01,-3.085490763187408447e-01,1.471458077430725098e-01,2.053012549877166748e-01,8.543853759765625000e-01,3.032456636428833008e-01,-1.230979412794113159e-01,-5.207610130310058594e-01,-9.684447199106216431e-02,-7.257771492004394531e-02,-8.290038257837295532e-02,3.380410373210906982e-01,-6.119765713810920715e-02,-8.516131043434143066e-01,-3.629814684391021729e-01,-7.212220430374145508e-01,-1.003160238265991211e+00,1.530496329069137573e-01,-6.996713280677795410e-01
-7.801958322525024414e-01,4.394516348838806152e-03,-1.073438972234725952e-01,-3.995222449302673340e-01,-2.619361318647861481e-02,-3.571910262107849121e-01,-1.038714349269866943e-01,-4.162703454494476318e-01,-2.240398228168487549e-01,-2.537733912467956543e-01,2.017094790935516357e-01,-8.634860068559646606e-02,3.465093374252319336e-01,2.061161994934082031e-01,-2.038865238428115845e-01,-1.466388255357742310e-01,-3.475834429264068604e-01,-3.315189480781555176e-01,5.688326358795166016e-01,4.761999249458312988e-01,6.924663186073303223e-01,-3.857433795928955078e-01,-1.919001191854476929e-01,7.690122127532958984e-01,-2.767124772071838379e-01,-4.687013626098632812e-01,-3.739553689956665039e-01,4.592290222644805908e-01,5.034129023551940918e-01,-4.408724009990692139e-01,-2.602117657661437988e-01,-5.291214585304260254e-01,-1.393269300460815430e-01,1.854902207851409912e-01,-3.043689951300621033e-02,1.020234599709510803e-01,-3.431662917137145996e-02,-1.746369898319244385e-01,6.530101597309112549e-02,2.529399394989013672e-01,5.145421624183654785e-01,4.394604563713073730e-01,8.319380134344100952e-02,5.306498408317565918e-01,1.436906866729259491e-02,8.213644474744796753e-02,-5.392290353775024414e-01,-3.582068905234336853e-02,-1.139894127845764160e-02,1.774698346853256226e-01,-1.066493690013885498e-01,-8.246099203824996948e-02,-5.314300656318664551e-01,3.457204997539520264e-01,6.722036004066467285e-01,-1.127991974353790283e-01,-3.531227707862854004e-01,1.184023097157478333e-01,-2.035948932170867920e-01,5.470803380012512207e-01,-5.464338511228561401e-02,1.948827952146530151e-01,-9.912226349115371704e-02,7.414276599884033203e-01,5.773456692695617676e-01,1.865758001804351807e-01,3.296900391578674316e-01,3.296312987804412842e-01,4.822548851370811462e-02,7.601448334753513336e-03,5.737968087196350098e-01,9.105549007654190063e-02,5.098087191581726074e-01,-3.353432118892669678e-01,1.645339727401733398e-01,6.395685672760009766e-01,-4.821909070014953613e-01,-1.380348652601242065e-01,9.901744127273559570e-02,-1.960595101118087769e-01,3.943799138069152832e-01,5.331131815910339355e-01,5.925689339637756348e-01,-4.130362570285797119e-01,-1.751563996076583862e-01,-2.381106466054916382e-01,-2.853193581104278564e-01,3.385977149009704590e-01,-3.992868363857269287e-01,-4.960561096668243408e-01,6.626417487859725952e-02,3.840532600879669189e-01,1.060471404343843460e-02,4.556203261017799377e-02,-4.436786472797393799e-01,-2.455951571464538574e-01,7.981468439102172852e-01,-9.143111109733581543e-02,1.074144244194030762e+00,-1.763932406902313232e-02,-7.192424032837152481e-03,4.988108575344085693e-01,1.284728348255157471e-01,4.615989327430725098e-01,-4.342789947986602783e-01,-1.378571987152099609e-01,1.810062080621719360e-01,2.784053087234497070e-01,2.665228955447673798e-02,5.086658522486686707e-02,8.418207615613937378e-02,-1.631576716899871826e-01,5.346697568893432617e-02,1.608022004365921021e-01,2.083939164876937866e-01,-2.091046571731567383e-01,-1.252341419458389282e-01,-1.885780841112136841e-01,1.094027459621429443e-01,-2.834111824631690979e-02,1.656902581453323364e-01,2.150894701480865479e-02,2.314893305301666260e-01,1.628854572772979736e-01,-3.143547773361206055e-01,4.581017196178436279e-01,3.300230503082275391e-01,-3.691983520984649658e-01,4.519118070602416992e-01,5.371040701866149902e-01,4.179717600345611572e-01,5.158787369728088379e-01,2.727316021919250488e-01,-1.397963017225265503e-01,3.819138407707214355e-01,2.424331754446029663e-01,6.903974413871765137e-01,9.320820569992065430e-01,6.341409087181091309e-01,-1.117692887783050537e-01,-6.267260313034057617e-01,-1.470022927969694138e-02,-1.648583821952342987e-02,-6.936854869127273560e-02,-1.811735332012176514e-01,2.821748852729797363e-01,1.040278151631355286e-01,-3.142101466655731201e-01,-5.183433294296264648e-01,-5.163964256644248962e-02,-3.323267698287963867e-01,1.915758699178695679e-01,2.185815870761871338e-01,4.585992991924285889e-01,-4.634282588958740234e-01,5.753786563873291016e-01,3.389457762241363525e-01,4.470022916793823242e-01,2.816925942897796631e-01,1.534413695335388184e-01,-2.484385520219802856e-01,4.860011637210845947e-01,1.041146591305732727e-01,1.889521777629852295e-01,2.958703041076660156e-01,2.657188177108764648e-01,1.087478697299957275e-01,1.404687166213989258e-01,-8.294939249753952026e-02,3.016110062599182129e-01,-1.861405968666076660e-01,-3.318359851837158203e-01,3.284611701965332031e-01,6.736073493957519531e-01,-1.718949824571609497e-01,-3.332976698875427246e-01,-7.589966058731079102e-02,5.369012430310249329e-02,-4.493445754051208496e-01,3.853710889816284180e-01,-1.325362026691436768e-01,-1.189635172486305237e-01,-4.196649193763732910e-01
-3.155573308467864990e-01,3.032424151897430420e-01,-2.957791686058044434e-01,4.097584784030914307e-01,-8.065783977508544922e-01,-9.570251405239105225e-02,-3.213998377323150635e-01,3.358396291732788086e-01,7.869531214237213135e-02,1.212649047374725342e-01,2.482895106077194214e-01,5.479760766029357910e-01,8.109993301331996918e-03,-8.520616590976715088e-02,-1.593859344720840454e-01,-4.454548060894012451e-01,-3.907114863395690918e-01,-7.849639058113098145e-01,5.531235933303833008e-01,5.612444505095481873e-02,2.618310451507568359e-01,2.659465074539184570e-01,1.864857971668243408e-01,-2.039103060960769653e-01,-1.806930899620056152e-01,-8.685016036033630371e-01,-4.545956850051879883e-01,-5.392214059829711914e-01,-3.804382681846618652e-02,-5.872592329978942871e-01,6.480614095926284790e-02,-3.231555223464965820e-01,8.303576707839965820e-01,2.992999255657196045e-01,-1.574643254280090332e-01,-1.654222309589385986e-01,2.815945819020271301e-02,-1.109052449464797974e-02,1.394761502742767334e-01,7.125511169433593750e-01,-2.489807009696960449e-01,-1.747160218656063080e-02,3.311132490634918213e-01,1.547205001115798950e-01,1.740707606077194214e-01,-4.021050631999969482e-01,8.586800098419189453e-01,-1.081234142184257507e-01,1.959894299507141113e-01,-2.310110628604888916e-01,1.448933631181716919e-01,9.810717403888702393e-02,-3.601685166358947754e-01,6.410033106803894043e-01,-6.337587833404541016e-01,1.618575751781463623e-01,-3.591037094593048096e-01,-5.284599065780639648e-01,2.192028798162937164e-02,1.164998300373554230e-02,-3.628783822059631348e-01,-2.430491894483566284e-01,2.270727157592773438e-01,-3.772367238998413086e-01,-8.807265758514404297e-01,-4.717589318752288818e-01,2.014770507812500000e-01,-2.189025431871414185e-01,4.038701653480529785e-01,-5.463764667510986328e-01,-2.134157270193099976e-01,-6.257383823394775391e-01,1.393477618694305420e-01,1.026656270027160645e+00,-1.857769638299942017e-01,3.668841347098350525e-02,4.168386161327362061e-01,5.831934809684753418e-01,-3.557462990283966064e-01,4.307942092418670654e-01,-4.345679283142089844e-01,-6.956308484077453613e-01,-1.706851273775100708e-01,2.231196016073226929e-01,-1.576332896947860718e-01,5.651012659072875977e-01,3.088422119617462158e-01,2.588492035865783691e-01,1.023566946387290955e-01,4.689714908599853516e-01,4.202755540609359741e-02,-1.363255828619003296e-01,-1.912864446640014648e-01,8.157662749290466309e-01,-3.162560462951660156e-01,-4.892596229910850525e-02,1.679098755121231079e-01,1.109587494283914566e-02,9.748763404786586761e-03,5.310488343238830566e-01,3.428782224655151367e-01,2.316892892122268677e-01,-3.532074391841888428e-02,-2.637997865676879883e-01,6.742243170738220215e-01,1.818623840808868408e-01,2.576218247413635254e-01,-5.232716798782348633e-01,-6.983327865600585938e-02,6.884729862213134766e-01,-2.724484801292419434e-01,4.518532454967498779e-01,-1.027837097644805908e-01,-5.661294236779212952e-02,3.089051246643066406e-01,7.141106128692626953e-01,3.332978859543800354e-02,3.124458193778991699e-01,7.052915096282958984e-01,4.146685898303985596e-01,3.267790004611015320e-02,3.363257944583892822e-01,1.365382671356201172e-01,-4.271706938743591309e-01,3.476673662662506104e-01,6.984715163707733154e-02,-3.244421780109405518e-01,9.603372216224670410e-01,8.861087262630462646e-02,9.135157465934753418e-01,5.917973518371582031e-01,2.484500557184219360e-01,1.102597117424011230e-01,-4.934529066085815430e-01,1.434528082609176636e-01,1.951849758625030518e-01,2.162370532751083374e-01,3.240251541137695312e-02,2.530924081802368164e-01,2.437921315431594849e-01,3.960874080657958984e-01,4.900027215480804443e-01,2.924716174602508545e-01,-5.254817381501197815e-02,-1.964994519948959351e-01,6.412905454635620117e-01,1.221405506134033203e+00,2.806405303999781609e-03,7.811109423637390137e-01,6.019367575645446777e-01,1.161110043525695801e+00,-3.374298661947250366e-02,2.635083496570587158e-01,2.810744941234588623e-01,7.128468751907348633e-01,4.682615771889686584e-02,-2.019195407629013062e-01,-4.904317259788513184e-01,1.259517073631286621e-01,4.524405896663665771e-01,-3.043127357959747314e-01,5.801210999488830566e-01,1.659942865371704102e-01,1.779329478740692139e-01,-3.445900604128837585e-02,-2.107789739966392517e-02,1.517508327960968018e-01,4.467187523841857910e-01,5.512522533535957336e-02,-3.507060706615447998e-01,5.329594612121582031e-01,2.858960926532745361e-01,3.151269853115081787e-01,1.046779081225395203e-01,2.609887421131134033e-01,5.502009987831115723e-01,4.100507199764251709e-01,3.412858843803405762e-01,6.283395886421203613e-01,-5.120946466922760010e-02,-1.053753867745399475e-01,-3.001045286655426025e-01,9.718128442764282227e-01
4.970699548721313477e-01,-5.744050741195678711e-01,1.929934620857238770e-01,7.809842824935913086e-01,-7.624747753143310547e-01,-4.649926126003265381e-01,-1.347823590040206909e-01,-1.339983046054840088e-01,-4.343395233154296875e-01,-2.146060913801193237e-01,-4.354078173637390137e-01,3.102808296680450439e-01,3.194369375705718994e-02,-6.320443153381347656e-01,-5.844641327857971191e-01,1.823675930500030518e-01,-6.614618301391601562e-01,2.827700376510620117e-01,-2.233148366212844849e-01,4.058859050273895264e-01,1.453666985034942627e-01,3.719132244586944580e-01,3.071404099464416504e-01,-2.328962236642837524e-01,-8.258028030395507812e-01,-8.476212620735168457e-01,-2.846096158027648926e-01,-1.164203763008117676e+00,-2.817424200475215912e-02,-8.627384901046752930e-01,5.846075341105461121e-02,2.889802753925323486e-01,4.222397804260253906e-01,1.826149076223373413e-01,1.440707147121429443e-01,-1.815957725048065186e-01,-3.842026293277740479e-01,1.555890291929244995e-01,-4.330988973379135132e-02,2.663061022758483887e-01,2.715965509414672852e-01,6.992806196212768555e-01,6.836730241775512695e-01,-3.700255453586578369e-01,2.166858464479446411e-01,7.655804753303527832e-01,5.594705939292907715e-01,5.985462665557861328e-01,-8.977429866790771484e-01,-2.450438886880874634e-01,3.996980488300323486e-01,-3.659007251262664795e-01,2.086469978094100952e-01,1.792835295200347900e-01,-3.333472609519958496e-01,2.402560859918594360e-01,-6.551468372344970703e-01,3.096107840538024902e-01,-4.624700248241424561e-01,-9.862320125102996826e-02,6.509029120206832886e-02,2.853372097015380859e-01,-1.472397595643997192e-01,-7.102445960044860840e-01,4.046996831893920898e-01,-6.939449906349182129e-01,-9.282286763191223145e-01,-5.593702197074890137e-01,-7.814032956957817078e-03,4.724124968051910400e-01,-7.843210548162460327e-02,-6.557271480560302734e-01,-1.268458832055330276e-02,2.639737427234649658e-01,-5.317412018775939941e-01,-1.001689806580543518e-01,1.549251675605773926e-01,-3.636704981327056885e-01,3.678089380264282227e-01,4.159559961408376694e-03,7.062104940414428711e-01,-3.462191522121429443e-01,-3.063667118549346924e-01,-4.834619462490081787e-01,-2.454947680234909058e-01,-6.709277629852294922e-01,-3.666391596198081970e-02,1.372494995594024658e-01,5.253849625587463379e-01,-1.081527471542358398e+00,-1.266695111989974976e-01,1.566391438245773315e-02,4.512564837932586670e-01,2.455521225929260254e-01,-1.682318598031997681e-01,-4.671035408973693848e-01,-2.326235175132751465e-01,-7.974384725093841553e-02,2.140273600816726685e-01,-2.754395902156829834e-01,-2.071460932493209839e-01,4.094089865684509277e-01,-5.735056400299072266e-01,-2.658952474594116211e-01,-3.161191642284393311e-01,-3.760444000363349915e-03,-2.040699720382690430e-01,-3.982066512107849121e-01,-4.010942578315734863e-01,-3.320076316595077515e-02,2.466324269771575928e-01,-1.155171990394592285e-01,-4.225429892539978027e-01,-4.525979161262512207e-01,3.170920908451080322e-01,-5.315053090453147888e-02,-7.873170971870422363e-01,9.049848318099975586e-01,-2.167534083127975464e-01,1.548852473497390747e-01,-2.494086027145385742e-01,1.140442341566085815e-01,-2.560159936547279358e-02,4.244955182075500488e-01,3.511996269226074219e-01,2.411824092268943787e-02,7.282273769378662109e-01,-2.846106886863708496e-01,3.309150785207748413e-02,-5.550737977027893066e-01,-1.110990792512893677e-01,4.674174785614013672e-01,-9.150235354900360107e-02,1.841975748538970947e-01,-5.650179982185363770e-01,-2.298081070184707642e-01,-7.883543372154235840e-01,-2.578338980674743652e-01,1.312726736068725586e+00,3.959006629884243011e-03,1.912422627210617065e-01,6.067273616790771484e-01,2.336160987615585327e-01,-2.705144882202148438e-01,3.815339505672454834e-01,-4.456843733787536621e-01,-7.190060615539550781e-01,3.568616807460784912e-01,1.456891149282455444e-01,8.140828609466552734e-01,-3.909389674663543701e-01,6.567227244377136230e-01,-7.563575357198715210e-02,-1.735707074403762817e-01,1.590116471052169800e-01,6.613118946552276611e-02,-2.049119323492050171e-01,8.642589449882507324e-01,7.767471671104431152e-01,3.487954437732696533e-01,-9.558768570423126221e-02,-4.420153051614761353e-02,-4.228215813636779785e-01,1.426232904195785522e-01,-3.230712413787841797e-01,2.410266995429992676e-01,4.122732579708099365e-01,-3.405120968818664551e-01,2.242911159992218018e-01,-2.953042685985565186e-01,2.785636577755212784e-03,2.817214131355285645e-01,1.864006072282791138e-01,4.920800924301147461e-01,-2.293466031551361084e-01,7.189168930053710938e-01,1.566293239593505859e-01,-4.218094944953918457e-01,-2.348049581050872803e-01,1.645430475473403931e-01,8.183183670043945312e-01,-3.867248296737670898e-01,4.862092733383178711e-01
